6
0 10 15 20 17 13
10 0 35 25 14 11
15 35 0 30 13 16
20 25 30 0 18 12
17 14 13 18 0 17
13 11 16 12 17 0